PATH: -9.56 -0.95 -0.11
PATH: -9.36 -0.97 -0.10
PATH: -9.17 -0.99 -0.09
PATH: -8.98 -1.00 -0.07
PATH: -8.79 -1.02 -0.06
PATH: -8.60 -1.03 -0.05
PATH: -8.40 -1.04 -0.04
PATH: -8.21 -1.04 -0.03
PATH: -8.02 -1.05 -0.02
PATH: -7.82 -1.05 -0.02
PATH: -7.63 -1.06 -0.01
PATH: -7.48 -1.06 -0.00
PATH: -7.33 -1.06 -0.00
PATH: -7.18 -1.06  0.00
PATH: -7.03 -1.05  0.01
PATH: -6.88 -1.05  0.01
PATH: -6.73 -1.05  0.01
PATH: -6.58 -1.05  0.01
PATH: -6.43 -1.05  0.02
PATH: -6.23 -1.04  0.02
PATH: -6.04 -1.04  0.02
PATH: -5.84 -1.03  0.02
PATH: -5.65 -1.03  0.01
PATH: -5.49 -1.03  0.01
PATH: -5.33 -1.03 -0.00
PATH: -5.18 -1.03 -0.01
PATH: -5.02 -1.03 -0.02
PATH: -4.87 -1.03 -0.02
PATH: -4.71 -1.04 -0.03
PATH: -4.56 -1.04 -0.04
PATH: -4.40 -1.05 -0.05
PATH: -4.25 -1.06 -0.05
PATH: -4.09 -1.07 -0.06
PATH: -3.94 -1.08 -0.06
PATH: -3.79 -1.09 -0.06
PATH: -3.64 -1.10 -0.06
PATH: -3.49 -1.11 -0.06
PATH: -3.34 -1.12 -0.06
PATH: -3.19 -1.13 -0.06
PATH: -3.00 -1.14 -0.06
PATH: -2.81 -1.15 -0.06
PATH: -2.62 -1.16 -0.06
PATH: -2.43 -1.17 -0.05
PATH: -2.24 -1.18 -0.05
PATH: -2.05 -1.19 -0.05
PATH: -1.86 -1.20 -0.04
PATH: -1.67 -1.21 -0.04
PATH: -1.48 -1.21 -0.04
PATH: -1.29 -1.22 -0.04
PATH: -1.09 -1.23 -0.03
PATH: -0.90 -1.23 -0.03
PATH: -0.70 -1.24 -0.03
PATH: -0.50 -1.24 -0.02
PATH: -0.31 -1.25 -0.02
PATH: -0.11 -1.25 -0.02
PATH:  0.08 -1.25 -0.01
PATH:  0.28 -1.26 -0.01
PATH:  0.47 -1.26 -0.01
PATH:  0.67 -1.26 -0.00
PATH:  0.82 -1.26 -0.00
PATH:  0.98 -1.26  0.00
PATH:  1.13 -1.26  0.00
PATH:  1.28 -1.26  0.00
PATH:  1.43 -1.26  0.01
PATH:  1.59 -1.26  0.01
PATH:  1.74 -1.26  0.01
PATH:  1.89 -1.25  0.01
PATH:  2.09 -1.25  0.02
PATH:  2.29 -1.25  0.02
PATH:  2.48 -1.24  0.03
PATH:  2.68 -1.23  0.04
PATH:  2.85 -1.23  0.05
PATH:  3.01 -1.22  0.05
PATH:  3.18 -1.21  0.06
PATH:  3.35 -1.20  0.07
PATH:  3.51 -1.18  0.08
PATH:  3.68 -1.17  0.09
PATH:  3.86 -1.15  0.10
PATH:  4.03 -1.13  0.11
PATH:  4.24 -1.10  0.12
PATH:  4.49 -1.07  0.12
PATH:  4.79 -1.03  0.11
PATH:  5.12 -1.00  0.07
PATH:  5.40 -0.99  0.02
PATH:  5.68 -0.99 -0.02
PATH:  5.96 -1.00 -0.07
PATH:  6.23 -1.02 -0.11
PATH:  6.49 -1.06 -0.13
PATH:  6.69 -1.08 -0.13
PATH:  6.86 -1.11 -0.13
PATH:  7.00 -1.13 -0.12
PATH:  7.17 -1.15 -0.11
PATH:  7.34 -1.17 -0.09
PATH:  7.50 -1.18 -0.06
PATH:  7.67 -1.19 -0.03
PATH:  7.74 -1.19  0.04
OBST: -7.54  0.26  5.65 -0.06 
OBST: -9.44 -4.70 -4.96 -2.16 -1.33 -5.06  1.57 -2.52  6.61 -4.74  6.85 -5.67 -9.40 -5.71 
OBST:  5.48 -1.76 
