PATH: -4.00  0.00  0.00
PATH: -3.94 -0.00 -0.00
PATH: -3.88 -0.00 -0.00
PATH: -3.81 -0.00 -0.00
PATH: -3.75 -0.00 -0.01
PATH: -3.69 -0.00 -0.01
PATH: -3.63 -0.00 -0.02
PATH: -3.56 -0.00 -0.01
PATH: -3.50 -0.01 -0.07
PATH: -3.45 -0.01 -0.03
PATH: -3.45 -0.01 -0.06
PATH: -3.42 -0.02 -0.05
PATH: -3.42 -0.02 -0.06
PATH: -3.40 -0.02 -0.08
PATH: -3.36 -0.03 -0.05
PATH: -3.38 -0.04 -0.07
PATH: -3.34 -0.05 -0.12
PATH: -3.30 -0.06 -0.09
PATH: -3.25 -0.07 -0.04
PATH: -3.20 -0.08 -0.05
PATH: -3.16 -0.09 -0.01
PATH: -3.13 -0.12 -0.04
PATH: -3.07 -0.15 -0.10
PATH: -3.01 -0.18 -0.14
PATH: -2.96 -0.21 -0.20
PATH: -2.90 -0.24 -0.26
PATH: -2.84 -0.28 -0.32
PATH: -2.78 -0.32 -0.40
PATH: -2.71 -0.37 -0.48
PATH: -2.64 -0.42 -0.57
PATH: -2.57 -0.49 -0.68
PATH: -2.50 -0.57 -0.78
PATH: -2.42 -0.67 -0.88
PATH: -2.32 -0.78 -0.78
PATH: -2.19 -0.90 -0.65
PATH: -2.04 -1.00 -0.51
PATH: -1.90 -1.07 -0.37
PATH: -1.77 -1.12 -0.25
PATH: -1.66 -1.15 -0.15
PATH: -1.57 -1.18 -0.07
PATH: -1.49 -1.19  0.01
PATH: -1.40 -1.18  0.09
PATH: -1.29 -1.15  0.19
PATH: -1.16 -1.11  0.33
PATH: -1.01 -1.04  0.47
PATH: -0.86 -0.94  0.62
PATH: -0.72 -0.81  0.78
PATH: -0.60 -0.68  0.79
PATH: -0.50 -0.56  0.66
PATH: -0.43 -0.46  0.55
PATH: -0.37 -0.38  0.46
PATH: -0.32 -0.30  0.36
PATH: -0.28 -0.24  0.29
PATH: -0.24 -0.22  0.25
PATH: -0.20 -0.16  0.19
PATH: -0.16 -0.12  0.14
PATH: -0.12 -0.10  0.14
PATH: -0.14 -0.08  0.11
PATH: -0.12 -0.07  0.12
PATH: -0.08 -0.06  0.14
PATH: -0.05 -0.04  0.16
PATH: -0.05 -0.02  0.18
PATH: -0.03 -0.01  0.19
PATH: -0.01 -0.01  0.19
PATH:  0.00  0.01  0.18
PATH:  0.01  0.02  0.16
PATH:  0.02  0.04  0.14
PATH:  0.04  0.05  0.12
PATH:  0.08  0.06  0.14
PATH:  0.06  0.07  0.17
PATH:  0.07  0.09  0.20
PATH:  0.09  0.10  0.18
PATH:  0.14  0.13  0.23
PATH:  0.20  0.15  0.18
PATH:  0.23  0.18  0.22
PATH:  0.29  0.22  0.29
PATH:  0.34  0.26  0.34
PATH:  0.35  0.32  0.39
PATH:  0.40  0.40  0.48
PATH:  0.46  0.49  0.59
PATH:  0.54  0.61  0.71
PATH:  0.65  0.75  0.83
PATH:  0.80  0.89  0.67
PATH:  0.95  1.00  0.50
PATH:  1.10  1.07  0.36
PATH:  1.23  1.12  0.25
PATH:  1.33  1.15  0.17
PATH:  1.43  1.18  0.08
PATH:  1.51  1.19 -0.01
PATH:  1.60  1.18 -0.10
PATH:  1.71  1.15 -0.22
PATH:  1.84  1.11 -0.35
PATH:  1.98  1.04 -0.49
PATH:  2.13  0.94 -0.63
PATH:  2.27  0.83 -0.77
PATH:  2.38  0.71 -0.82
PATH:  2.47  0.60 -0.70
PATH:  2.54  0.52 -0.60
PATH:  2.61  0.45 -0.51
PATH:  2.67  0.40 -0.43
PATH:  2.74  0.36 -0.35
PATH:  2.81  0.32 -0.29
PATH:  2.88  0.30 -0.33
PATH:  2.94  0.27 -0.27
PATH:  3.04  0.24 -0.35
PATH:  3.14  0.19 -0.23
PATH:  3.20  0.14 -0.15
PATH:  3.25  0.12 -0.10
PATH:  3.26  0.09 -0.12
PATH:  3.23  0.08 -0.07
PATH:  3.26  0.06 -0.09
PATH:  3.30  0.06 -0.06
PATH:  3.33  0.05 -0.08
PATH:  3.36  0.04 -0.06
PATH:  3.42  0.02 -0.12
PATH:  3.40  0.02 -0.12
PATH:  3.43  0.01 -0.09
PATH:  3.47  0.01 -0.06
PATH:  3.46  0.01 -0.04
PATH:  3.45  0.01 -0.02
PATH:  3.50  0.00 -0.06
PATH:  3.56  0.00 -0.02
PATH:  3.63  0.00 -0.01
PATH:  3.69  0.00 -0.01
PATH:  3.75  0.00 -0.00
PATH:  3.81  0.00 -0.00
PATH:  3.88  0.00 -0.00
PATH:  3.94  0.00 -0.00
PATH:  4.00  0.00  0.00
OBST: -1.50  0.50  -nan
OBST:  1.50 -0.50  -nan
